4.155221277181230834e-03
2.421367764578161424e-03
1.180354030876832987e-03
2.559116840469459822e-03
9.527764972873015853e-03
5.046364078786140170e-03
3.558490254365299921e-02
1.867429409348524832e-02
1.498613189793906487e-02
5.517141498586831949e-02
8.400616706454654831e-03
1.438730700530666158e-02
2.217212915609302268e-02
2.905803523993754842e-03
1.181991250436729285e-02
1.280135789125439252e-02
1.267281289587903273e-02
9.218228848870569508e-03
1.754226439416329830e-01
5.761663810672788127e-02
1.302185766247797999e-02
7.869308530600545304e-02
1.149200601225759399e-01
2.302528426919767633e-03
1.671829454651059879e-02
5.897539076534588816e-03
1.269985838528780130e-02
1.230495293357481562e-01
8.345265239009932653e-03
1.967116560644525686e-03
3.650315735957282426e-02
5.653771549402692581e-02
1.511265810601441356e-02
5.972022393355964996e-04
8.913338412663918478e-03
3.459925386183595325e-02
2.399490900603363369e-02
2.269837630501416181e-01
1.354199252329774420e-03
2.775511257982604934e-03
1.221715069100164953e-02
2.305970824589667015e-03
7.898600626656279797e-04
4.398982722534584312e-03
5.735706078817483233e-02
1.558390270149265580e-02
4.662480511347036859e-03
3.201329740235662850e-03
1.872523218569657234e-03
5.568518651510236984e-03
7.221157619316979394e-03
2.830243773337223767e-03
5.144235330832484278e-03
3.701595106872747429e-03
1.610065735440120022e-02
3.473128590079871056e-03
8.855054408480816236e-03
2.601850371098832562e-02
1.816510861692249151e-02
2.571538187001923270e-02
1.041819444674535293e-02
1.235091052753099859e-03
2.412830983858387235e-01
3.352443633514443633e-01
2.302346364492749708e-01
2.504289982021312144e-01
2.037250327028276298e-01
2.319962998386121134e-01
1.695103440368296299e-01
3.314008289156446518e-01
6.972471913797745335e-02
1.111720625233141163e-01
1.240498336905206250e-01
2.018661914991233541e-01
9.735646489336721721e-02
1.281108944245100412e-01
2.875230444100190796e-01
1.185153827025918205e-01
1.242687731878425739e-01
1.999399112359159236e-01
1.172626423635057535e-01
1.704241010184854577e-01
2.295941455246231222e-01
2.710487300042501158e-01
2.808148043247607473e-01
1.307883080184675528e-01
1.745426974849474677e-01
1.236709378148322380e-01
3.095235968547034311e-01
1.697149093886997639e-01
2.157177379491800329e-01
1.784412646266055613e-01
1.733545094020241817e-01
2.136607651147502396e-01
1.470968715598879872e-01
1.780533470580935029e-01
1.218202954095841395e-01
1.788704562316993929e-01
1.882960413673221978e-01
8.719075862656887332e-02
2.760966682306276732e-01
1.117489257833578359e-01
9.072643630137748605e-02
2.909784141279320169e-01
1.375387211436689960e-01
1.837466652787190791e-01
1.058261972356364378e-01
1.959036468005679876e-01
1.606196705646583955e-01
1.632515922066449521e-01
1.125580505494008093e-01
1.616421778246275032e-01
1.945669492348252594e-01
1.163256270954925869e-01
1.675367216776620649e-01
1.420067436440944630e-01
1.903109306080228713e-01
2.273719818957408711e-01
2.565861150228956888e-01
1.130203836935859546e-01
7.295106797899728046e-02
1.212487793996476770e-01
1.284530703974586796e-01
1.817131334440942603e-01
