-4.063220324874303735e-01
-3.344777987130987951e-01
-4.312132368502682445e-01
-4.690826497510793835e-01
-2.149877793742835386e-01
-2.609234884432153345e-01
1.238604301057716794e+00
-4.450496847594772043e-01
-4.984100995784584431e-01
-1.976340028634681056e-01
-4.755349130120722911e-02
-4.733360361315833709e-01
-1.673149733192197397e-01
-4.030375829358674444e-01
2.370011906604532204e-01
-4.455658017386670000e-01
-3.653656315122290610e-01
-3.934510613397176892e-01
-1.833477655586109312e-01
-3.318547473220363475e-01
-2.666968513605220137e-01
-4.587773709522172672e-01
-4.380273237328722313e-01
-3.628475603355377221e-01
-4.067632264953039978e-01
-3.346827433170128652e-01
-1.395501530943075164e-01
-4.675067843898899067e-01
-4.741540006856713729e-01
-4.174538533406386698e-01
-4.370557017808410216e-01
-4.614429407858882115e-01
-4.727933984936761314e-01
-3.575915697524777448e-01
-1.616939258891507136e-01
-3.390730326941377992e-01
-4.245193261036294685e-01
-4.148526490130581834e-01
-4.684539903297706420e-01
-4.792925123046210545e-01
-3.583439754798712906e-01
-4.112161275888938650e-01
-4.679548008733885323e-01
-4.278622059385240317e-01
2.584155269299520663e-01
-4.730647426654026599e-01
-4.315849769430373239e-01
-4.219702958172678597e-01
-4.333777989377195494e-01
-4.166440282725705213e-01
1.647086439083993215e+00
-4.045886593525050978e-01
1.633844676367036675e+00
-3.884112347791215392e-01
1.899451583109266206e-01
-5.460458801063855505e-02
8.871906913222271651e-02
-1.152735035676616393e-02
-1.339603427443488148e-01
3.542728071610942164e-01
-2.186041667070864891e-02
1.146274159907733070e-01
-3.568793689590389340e-01
-4.917035206102471356e-02
4.057392827162991100e-01
-2.595162212219960240e-01
1.144212690513812802e-02
1.253752911821737870e+00
-3.126148717832629154e-01
3.106622117938217520e-01
2.731790538813654301e-01
-3.277760475075678359e-01
-1.672851609388943950e-01
-3.159739744648596971e-01
-3.028890969536041089e-02
7.154973621082691970e-01
-2.961680593160371799e-01
-3.309400071029979240e-01
3.941921582306093796e-01
-3.612934735548441467e-01
-3.745407467252018230e-01
1.401602552922861733e+00
4.706311511376738976e-01
1.210704506233777900e-01
-2.693387940656022383e-01
5.690648324196834196e-02
-7.541318110541134212e-02
-1.543796787392082703e-01
-7.408717991364222044e-02
1.901639528442214733e+00
-3.768134621136558504e-01
-1.724796447613025085e-02
-1.982614902691898218e-02
9.024750125457520200e-02
5.671677324357982108e-02
-3.081399210945724998e-01
-3.704150809859245719e-01
-9.357090860500877350e-02
1.019200104530578743e+00
-2.976733490615720568e-01
