-1.283311458701357433e+00
-1.722658183932729958e+00
-1.727370641845850319e+00
-1.709892813820229396e+00
2.482980215019152226e+00
2.079973372861175562e+00
-6.990154407945358139e-01
-4.047350109938729901e+00
-1.063545688916087029e+00
-1.267542170996431850e+00
-1.373707023903233182e+00
-1.733418327809818527e+00
1.357201986545071959e+00
-1.991073667663197710e+00
1.527774611676290473e+00
-2.775939267623938278e+00
-7.784775466490216900e-01
-1.489767856089307063e+00
-8.625631988178259490e-01
-2.352108697482259370e+00
-1.544443319379431578e+00
-1.088130910131491547e+00
-1.714961909679837859e+00
-2.663722628551915328e+00
-1.100131761213903880e+00
-1.095314345087916363e+00
-4.386911888768997847e-01
-1.938862109697360614e+00
-1.929538167469539545e+00
-1.773915956763485013e+00
-3.115946692133684248e-01
2.773034890358969662e-01
-2.262086057441348608e+00
-1.294599396896960242e+00
-2.198689318106430424e+00
-7.731145602632865099e-01
-4.837975939978067519e-01
-8.151836896493213080e-01
-1.871739404383269356e+00
-3.473708357942803637e+00
-1.059191348791192810e+00
-2.268932829967305054e+00
-1.193667527145440221e+00
-6.761595972408425137e-01
-2.017652008231534566e+00
-1.089085373871235829e+00
-9.327108159067114546e-01
-2.833986816736535630e+00
-1.560673151876207809e+00
-1.462563803404060891e+00
2.271218114290176615e+00
8.884277652939724934e-01
1.112023802815138573e+00
1.580214765847491876e+00
3.100730727827669675e-01
1.483380287180238177e+00
2.022168547551307149e+00
6.137259850110994286e-01
5.373695886093821095e-01
2.680404638863613798e+00
1.879479791846113690e+00
-2.781054482108399339e-01
3.273586805796078636e+00
6.403034573491697135e-01
4.571856508124794161e-02
3.355647848454455406e+00
2.608069229383106702e+00
1.269216957521520417e+00
1.927377922221289230e+00
-2.653898698325509731e-01
4.424387915528331661e-01
-8.034412924579081849e-02
-5.465297431054212396e-01
3.623397606439128005e+00
-9.149310918743627230e-01
1.490732868623819041e+00
1.340101650415694401e+00
8.397148645322254357e-01
-2.077249455856826632e+00
1.019859041315315018e+00
9.824759759639045686e-01
1.820842393027394479e+00
1.851977085609459950e+00
2.824019639468186682e+00
1.025302347355570687e+00
2.647712933662861090e+00
4.713298201627972972e+00
-3.218761703473486113e-01
3.422944707742526127e+00
1.892879634055750548e+00
8.901419110324453321e-01
-3.058822645540903995e-02
2.340917552207124608e-01
1.575732751834411083e+00
-1.103335551756766009e+00
2.522446915741747731e+00
1.825074760199086432e+00
6.238658359655477881e-01
1.352254829580885387e+00
3.333445780640878375e+00
