2.272053971833188246e+00
1.968496277658626559e+00
2.464477585266788395e+00
1.990072239505662921e+00
2.868513250776767443e+00
1.831436521726939048e+00
2.034377004893178853e+00
2.093659181505518774e+00
2.169313602513210704e+00
1.848814040190550845e+00
1.693570510936461826e+00
1.908924544155679692e+00
2.109405335746858956e+00
2.252906329519840600e+00
2.204933902645034749e+00
2.261448090113715725e+00
2.163301893225715755e+00
2.523183439948938123e+00
2.209454025839173941e+00
2.253018818209646223e+00
2.010922826603466440e+00
2.409463320450385915e+00
2.126169626289747150e+00
1.944278319043698966e+00
1.802827724970229806e+00
1.762856753111793129e+00
2.694255882784332812e+00
1.811889316495879143e+00
2.646995564187622829e+00
1.687819487194910595e+00
2.279139210987130681e+00
2.074614241298363471e+00
2.033095640453135733e+00
2.412340582596541605e+00
2.342451113462536316e+00
2.531868664430785287e+00
2.129759595896072444e+00
1.919960488733889692e+00
2.326345660650857461e+00
1.746533533095258939e+00
1.545151889981855486e+00
2.529109924817213972e+00
1.890410447398252369e+00
2.168506090421093990e+00
2.714044880460341869e+00
2.332800986080113326e+00
2.310145805455968038e+00
2.006699090375700933e+00
2.099948804855043871e+00
2.477697029863902500e+00
2.032696733407949097e+00
2.207551245181275323e+00
2.302385024334217434e+00
1.854023720440807432e+00
2.604313857863999271e+00
2.036767429477657210e+00
1.925278144894146504e+00
2.324431813322825668e+00
2.259272203386484712e+00
2.293725902512857129e+00
1.984737473340887792e+00
2.072596756975817023e+00
2.636071407172637215e+00
1.884153227586581991e+00
2.787354080537947532e+00
1.868499343080496811e+00
2.132371667539024074e+00
1.736965939568503092e+00
2.571565902294659089e+00
2.127512668115176364e+00
1.745511706111799510e+00
2.651418848911692550e+00
2.069569751759936516e+00
2.344472613201524336e+00
2.571886073602893230e+00
2.618304184940414281e+00
1.776720432860812604e+00
2.501670708278731503e+00
1.949903192055282730e+00
1.948294597720892973e+00
2.388142718475232851e+00
2.403208466861655346e+00
2.703460117884354474e+00
1.591263685598457434e+00
1.589816299669786215e+00
2.068000144366876292e+00
2.988941391257740499e+00
1.395333765759907418e+00
2.756540172651443577e+00
2.217433598475047063e+00
1.803334168152513239e+00
1.948231431065616359e+00
2.041428537426057233e+00
1.778113997243309097e+00
2.708199325998770668e+00
1.995636703042920068e+00
2.214994832374442613e+00
2.204192258157243067e+00
2.177866242400785080e+00
2.734059699152730172e+00
2.296514693408873153e+00
2.874401535907578964e+00
2.402893749908382226e+00
2.497662524126166073e+00
2.224126099469841300e+00
1.460512139639632112e+00
2.179248987738950039e+00
1.923585244201845290e+00
2.151101684683571769e+00
2.329291281718684381e+00
2.079257770346012002e+00
2.310201478917169204e+00
1.840925950189695293e+00
2.293747809965673401e+00
2.587857594482279033e+00
2.868379628538006099e+00
2.619186783863746371e+00
2.488898053895435059e+00
2.049063596746952598e+00
2.288255465951640311e+00
2.214074566474473205e+00
2.403426246330095495e+00
1.794716003162741158e+00
2.186537233099908217e+00
1.815311970001511011e+00
2.557568796902221386e+00
2.517659127782304385e+00
2.614453430542139856e+00
2.211997357383164164e+00
2.012815778079797724e+00
1.635806705041466413e+00
1.829865571401335878e+00
1.793645663319781702e+00
2.696979123737242912e+00
2.251914550678068228e+00
2.545925639746135172e+00
2.821630255854803870e+00
1.960304485919277973e+00
2.327879492855580601e+00
2.495984893072062061e+00
2.601274159030091848e+00
2.341308809032712546e+00
2.676295946877199405e+00
2.353769615369047497e+00
2.873363363966690009e+00
2.242899703498535402e+00
2.728553660971095418e+00
2.495916423418234054e+00
1.689279943571183829e+00
2.182875791126475118e+00
2.130118047984670859e+00
2.200025823713436246e+00
2.712718348293158499e+00
2.525494419131093515e+00
2.486012050382934380e+00
1.923252689542088945e+00
2.028877154866897126e+00
2.076848642258665834e+00
1.597713646747056071e+00
1.669049265067438892e+00
1.550000451703352322e+00
2.215222071787341207e+00
2.202909777355089194e+00
2.096926547117062611e+00
2.004261471054034516e+00
2.440548082240335148e+00
2.691558170456516574e+00
2.054365170694667508e+00
2.414410932597022885e+00
2.378427032145263631e+00
2.732718266677377716e+00
2.304282690164685565e+00
1.673463912821265831e+00
2.442194963542756003e+00
2.763466233557997143e+00
1.783011833152389869e+00
2.809326606192434461e+00
2.552271754414077165e+00
1.815737814086082036e+00
2.221708601844427644e+00
2.702640899766274085e+00
2.637696729822100128e+00
2.328820470244977514e+00
1.895281852386218491e+00
2.301004410335742989e+00
2.174522117301214585e+00
2.205424898663448374e+00
2.134966688220420128e+00
2.066662482340240192e+00
1.681561961071978528e+00
2.332169730795195406e+00
2.615600902866324073e+00
1.929294599904287200e+00
1.773388262461601972e+00
1.887320159265196917e+00
1.939588896548574137e+00
2.513170263305951835e+00
2.436603465496880450e+00
2.431422591350828277e+00
2.552264397919808303e+00
1.731080479670202843e+00
1.466498916012904052e+00
1.743464458482870238e+00
2.183113457807283275e+00
2.200285932413580614e+00
1.921162652655125980e+00
2.300003048769290181e+00
1.953223235372348210e+00
2.031439720919493652e+00
1.917996559764231890e+00
2.336722433576735813e+00
1.762728246779345032e+00
1.924203787510428754e+00
2.051015163138501851e+00
1.607522470439990636e+00
2.196667335859819659e+00
1.604190765740275193e+00
2.134004217707370366e+00
1.654648029047398161e+00
1.894500289820363559e+00
2.223949091494347385e+00
2.651981645200005566e+00
2.505572679288783355e+00
2.133419380871168336e+00
2.020443814632721491e+00
2.406126052635518153e+00
2.441509621635872929e+00
2.114678420085899457e+00
1.841891582689719087e+00
2.394132909676079723e+00
2.164985744677666801e+00
1.868730444668585067e+00
2.417115979470139120e+00
2.475082808557329095e+00
1.738603802831705236e+00
2.145758374636731691e+00
1.796293307133023154e+00
2.399271132556644481e+00
2.312015772862040297e+00
2.939503504891324948e+00
2.239316651735290264e+00
1.860137464402866314e+00
2.284179943531448043e+00
2.180913049788334224e+00
2.386444680601097268e+00
2.407853399636448177e+00
2.201326201379515624e+00
1.910058816523038328e+00
2.477756461183441949e+00
2.264623785175321480e+00
